3
0 1.357567548751831 3.2030746936798096
0.2504044771194458 0.3206206262111664 0.05417715013027191

3
0 1.357567548751831 3.2030746936798096
0.2504044771194458 0.3206206262111664 0.05417715013027191

5
0 1.4513264894485474 3.3879995346069336 5.328242778778076 7.273574352264404
0.14425067603588104 0.2463369071483612 0.1311887502670288 0.042174082249403 0.008174892514944077

7
0 1.4790858030319214 3.451326370239258 5.4238667488098145 7.39686918258667 9.370485305786133 11.344852447509766
0.09453234076499939 0.1764805018901825 0.13403189182281494 0.08168037235736847 0.03993990272283554 0.015669310465455055 0.004931887611746788

10
0 1.4902355670928955 3.477229356765747 5.464253902435303 7.451326370239258 9.438464164733887 11.425684928894043 13.413002014160156 15.400436401367188 17.38800048828125
0.0645599290728569 0.1250082552433014 0.10983934253454208 0.08702259510755539 0.062167033553123474 0.04004432260990143 0.023258022964000702 0.012180175632238388 0.005751496646553278 0.0024487930350005627

